.Random.seed <-
c(403L, 10L, -267435491L, 281991831L, 2070836222L, 1701072824L, 
-1481251941L, -424891911L, -11044536L, 1558889590L, -1592553039L, 
510410723L, -1896063822L, -1628049148L, 1489058375L, 1755839773L, 
-1503736940L, -504643782L, -1852415099L, 1383438431L, 232385254L, 
-864661136L, -1407862125L, -735534287L, 449348064L, -206981506L, 
-1088815863L, 1811173179L, 1725630218L, 39466732L, 1756767087L, 
-685992795L, 269878876L, 682970674L, 2023730477L, 250977255L, 
944397070L, 1768692968L, -1418332437L, 1724274569L, 1548952344L, 
875198022L, -718674271L, -125834957L, -2042197854L, -1422882924L, 
910747159L, -241298931L, -2102188252L, -200088822L, -806228363L, 
886361551L, -2115045674L, 1607629440L, -1415732029L, 1807532641L, 
1670961872L, 2085338158L, 459690457L, 954797547L, -860665766L, 
186960412L, 1541434143L, -1841963147L, -1155987956L, 1630330850L, 
-1496324931L, -1966431433L, -2098050082L, -1155987176L, 1362738299L, 
1049518617L, 654017192L, -1983256490L, 1900373201L, 1081974915L, 
-1764510958L, 1887544996L, 1739100775L, 1585236925L, 1618011444L, 
235871898L, 2124213477L, 274517631L, -1812031482L, -284206192L, 
-966253005L, -1461078575L, -2100705408L, -893019554L, -1985216087L, 
2024796251L, 213526634L, 935725324L, 1758610255L, -1828118523L, 
924024508L, 2012698514L, -1812249459L, -329309497L, -293989458L, 
-683209208L, 1479189003L, 2082255593L, 248528312L, -868926874L, 
568362753L, -1796738669L, -1802253758L, 1621302772L, -241702921L, 
1701075949L, -855853948L, 1096870570L, -1078722539L, -259970897L, 
991930038L, 1442985184L, 1399838755L, 687671105L, 1060727344L, 
-1715996594L, 1848404153L, 1142987979L, 715301242L, 13687932L, 
2077743295L, -1236750955L, 1676996012L, -744642686L, -610357923L, 
-1886788521L, -960904386L, 927673208L, -1406908325L, 736546745L, 
-1738715640L, 1099717814L, -365409295L, 41219619L, -583883150L, 
1196424388L, -1260094841L, -1898745251L, 1313666132L, -1077453190L, 
-282190395L, -332112097L, 261032614L, 1567271984L, -102412589L, 
1035824369L, 1253795872L, 1011879614L, -851989815L, 180117627L, 
1352162890L, -230962516L, 1542356399L, 1277300069L, 1148508956L, 
1320877938L, -1795566611L, -281865177L, -1279013810L, -1059393368L, 
-629203285L, 275430345L, 101488600L, -1410892154L, 2063042401L, 
-155272461L, 1290724706L, 1712600020L, 1723348695L, 1552235725L, 
72604772L, -1319996854L, -1633773643L, 211430159L, 390682646L, 
1738777280L, 1152054403L, -315809631L, 1370752656L, -73722514L, 
322274073L, 988153771L, -621582950L, -642301604L, -973367201L, 
2133276725L, 314162124L, 1586114338L, 1746579837L, 2085812855L, 
1706124190L, -219729320L, 880409531L, 1135725913L, 1545111272L, 
-1808124138L, 239671441L, -1597491901L, 649621586L, 950792932L, 
-2068011737L, 861494653L, -1096534924L, 354557530L, 319441573L, 
956969151L, 485217094L, 388497872L, -923933709L, 954481425L, 
-850089152L, 373592862L, 1016978409L, -383225573L, 286288682L, 
1308830796L, 954360847L, 1016352581L, -131143428L, 1579046738L, 
-1331259187L, -1954854777L, -1441178770L, 887730324L, 1129240914L, 
-1021327648L, 1569824972L, 1999696032L, -1659899518L, 1134088424L, 
718315756L, 811810876L, 1489346674L, 91539568L, -1468392924L, 
-1434033608L, 1321865754L, 895793360L, -1545947588L, 1327584404L, 
1684415618L, -544002112L, -1772489412L, 852977296L, -447448030L, 
-727341048L, -839732084L, 1994975260L, 15451282L, -774841216L, 
853539860L, -2133544152L, -1054815174L, -1100170032L, 328813676L, 
-1053968716L, 360816658L, -27877408L, 135599052L, 816100832L, 
1803082786L, -1090317016L, 1250410764L, 915791420L, -1916726030L, 
1708865776L, -774461628L, -1786609576L, -1192904134L, 477948144L, 
-282250564L, 932082196L, 849857730L, 450152032L, 1284363644L, 
2099162320L, 799874082L, -229963608L, 1645460876L, -2074187332L, 
1281390642L, 1465097024L, 264939188L, -101625528L, -131038534L, 
1808733968L, 1986865388L, 1336662100L, -1668600046L, 1765466528L, 
-993521716L, -155306144L, 604910786L, -1409638872L, -1139373652L, 
-174525636L, 496882546L, 155850544L, 96307236L, -1599234504L, 
1584280282L, -969234544L, 1332276476L, -1100606060L, 237867842L, 
1966533120L, -183121860L, 1259563600L, -375734110L, 538940232L, 
-1376992756L, 1565348572L, 1344964690L, -407892864L, 1980428116L, 
-826007576L, -1724589318L, -1169932464L, 380638252L, 1120670068L, 
-1834166638L, 912611936L, -944842612L, -1064605344L, 396888290L, 
-1326578520L, -1186046260L, -998372868L, -1216482382L, 1527454704L, 
1734150596L, 154389848L, 1880865146L, 225778096L, 179667388L, 
500198996L, -862193214L, -308401376L, 1884191676L, -803712944L, 
1318101986L, -1644312728L, -993198260L, -691704068L, 180293362L, 
-1849168640L, 1683874932L, -1977012728L, -478503494L, -1892833840L, 
-1459990548L, 65448852L, -1726050094L, 1661566048L, 820270412L, 
973622048L, 448887426L, 393142760L, 1822548972L, 209925692L, 
1929600626L, 1553265520L, 215493924L, 2113387064L, -1243803238L, 
-31832624L, -663525956L, 1476675220L, -816905598L, -1650436672L, 
2022330172L, 54825616L, 1752237858L, -1840458232L, 665387788L, 
1307253660L, 1054843922L, -2133429376L, -761222380L, -520268504L, 
51376186L, -429075504L, 326441580L, 516660276L, -1962207086L, 
217522528L, -1915286196L, 613109216L, 1355805602L, -1367913560L, 
-1991963508L, -1911102532L, -826549134L, -1662060560L, 677467204L, 
-832128936L, 344932410L, -386994064L, -1453189572L, 2143704852L, 
1376070338L, -730254624L, 459795580L, -1303585584L, -176755806L, 
-43053528L, -1462470388L, -515770436L, 397936946L, 710123712L, 
-2032917964L, 1324993224L, 1566202554L, -716626800L, 1210128108L, 
-473383340L, 1219708562L, -1325844704L, -1927911476L, -1503706912L, 
373866178L, -232045528L, -1514189908L, -1128924484L, -855176718L, 
-1911990736L, 1839802276L, 283972024L, 1251570522L, 1221555344L, 
1666710396L, -1271687404L, 1151044930L, -139157760L, 332043196L, 
749727568L, 604240162L, 2029650504L, 477016076L, -821914532L, 
-97386030L, -591962624L, 240259412L, -5574424L, 1677201658L, 
725747408L, 339456300L, 438685940L, -790901358L, 946882912L, 
1101805008L, -1343077639L, -1846546389L, -680116324L, 2092052426L, 
2022181055L, 217709065L, -653929698L, 701455052L, -1496132963L, 
907001639L, 121000272L, -617160722L, -708624229L, 591080189L, 
770920938L, 17234568L, -1160295375L, -1481671005L, 646149796L, 
1877104466L, 1958575783L, -1853799695L, 2106444342L, 775423700L, 
-204199323L, -308926353L, -1701208L, -1296082938L, 513987891L, 
-1880303211L, -995400206L, -1227146688L, -1375579223L, -2130506213L, 
-1325987860L, 149041146L, -234433489L, -532405191L, -1994500530L, 
977856156L, 1433394189L, 1532190839L, 1357555840L, -628199714L, 
34653611L, 426284717L, 1813343002L, 703714264L, -493318079L, 
2146549491L, -1959698156L, 33698978L, -525307465L, -1690143359L, 
-1375321210L, -1341124156L, -1039902475L, 34257247L, -1745292360L, 
-1504176490L, 1512759459L, 2118273637L, -503160958L, 123450608L, 
254594201L, 567239819L, 1950969212L, -473785430L, -1956635681L, 
-1913138839L, 1374813566L, -526721684L, -637778499L, 1131988615L, 
-843447696L, -920917746L, -1526221253L, -1383717603L, -1924993078L, 
-810518296L, -286925871L, 827973059L, 112916164L, 1939815794L, 
1331884103L, 172733457L, 1717073302L, 1232636148L, -864451963L, 
-1956713521L, -1419812152L, -1228020890L, 509352339L, -694725899L, 
-1069708590L, 500380960L, 783826185L, 905529915L, 2140069772L, 
-1772454374L, -1246083441L, -1026457127L, 1548973678L, -889653764L, 
1452707693L, 1892546839L, -1260006176L, 2078972606L, -260368245L, 
1058440973L, -1808824518L, 667451256L, 1522775329L, -1317296685L, 
-229767948L, -1205322366L, -977958889L, -1486016799L, 917223462L, 
-1187611356L, -2110298667L, -90986113L, -1021241320L, -1114429642L, 
1641914819L, -1384959995L, 417084322L, 1686642576L, 1725463353L, 
1243369451L, -993021732L, 2145882378L, -1970921473L, 1325871689L, 
-172492834L, 1196726156L, -90601635L, 1107591015L, -1994079088L, 
