.Random.seed <-
c(403L, 10L, -116740013L, 1625893745L, -1787176288L, -1874301378L, 
-1273084599L, -1889715205L, -1382268982L, -1154281172L, -2000155345L, 
-1859488795L, 1374300828L, 613068530L, 522116973L, -353896281L, 
-826320178L, -1640478680L, 1495815211L, 1442911817L, 1149902680L, 
1143577094L, 1206535137L, -1229315725L, 1472369122L, 1431070036L, 
845519959L, 781787213L, 1934631908L, 321487306L, 1410205749L, 
1912473231L, 1747498902L, 1115085632L, -1751919101L, 1140698145L, 
103415568L, -140798738L, -1021674343L, -2122655445L, 1177423898L, 
-760067364L, -690955553L, -959961931L, -792112564L, 574021282L, 
-387193347L, 922783479L, 1901914142L, 253381336L, 1953742395L, 
-1006801959L, -1030997656L, -161230698L, 543632913L, 622184387L, 
-126043182L, -176814492L, 124786087L, -270300419L, 913133300L, 
1067051482L, 1433546021L, 1311439935L, -699159610L, -1581316016L, 
-1455856525L, -586413935L, 17324224L, 646107806L, 1207471721L, 
-340943205L, -1872137302L, 181737420L, 1123969679L, -1124597051L, 
-1386157444L, 1072260818L, -473951667L, 2140176135L, -2080611602L, 
-1587472440L, -538208053L, 498051369L, -407924360L, 1463391910L, 
561356993L, 1478289747L, 801904130L, -1265406156L, -1055540041L, 
-487371603L, -963806780L, 729962986L, -215226795L, 1253439471L, 
-24868874L, 999948576L, 624488163L, 711071617L, -478850576L, 
467751054L, -1274570759L, 300379531L, 762239418L, 1615141052L, 
-296174593L, 1396648277L, -241241492L, -989260094L, -1815846627L, 
-843540585L, 258265854L, -417617736L, -2127318373L, -1943781127L, 
734356040L, 683371894L, -1498800975L, 1983762659L, -169283662L, 
-8589308L, 141976391L, 1920514589L, -1958342508L, 922165306L, 
-1368817019L, 1438483295L, 392379366L, -770361744L, -40289901L, 
-647823823L, -22399776L, 1793975678L, 312440841L, -441714629L, 
38028810L, 851768812L, 1797274223L, -457345627L, 250635612L, 
202651954L, -649738195L, -1267087641L, -860476402L, -159074840L, 
-1635827733L, 768295049L, 706499608L, 228418374L, 32563617L, 
378859571L, 871562658L, -785495916L, 976830231L, -1224034035L, 
1943703588L, -545296374L, 1493816693L, 1918784719L, -239511594L, 
-2112972928L, 649513923L, -2041750175L, -462109744L, 760640302L, 
-1025601831L, -450216725L, -1493877414L, -1812639972L, 1512860191L, 
-320341387L, 995129100L, 1317530338L, 579456957L, -1517832137L, 
-216485154L, -131715560L, 1163751803L, -924940007L, 1085625768L, 
944470358L, -1588418095L, -1816761981L, 1328478226L, 1459862436L, 
888187751L, -1020489539L, -691926988L, -812217446L, -208631835L, 
-1312148609L, 827323142L, -1507459952L, 459844915L, 1874086609L, 
-1350324096L, 1649985886L, -875110743L, -1114887845L, 979149674L, 
514099724L, -682698161L, -1730496763L, 509345724L, -1377125742L, 
-221961843L, -637154873L, 242342574L, -1033800952L, -1714654965L, 
-313643031L, -899917640L, -1717751962L, -1624327167L, 853011091L, 
-1887371966L, -1637887244L, 1258331895L, 2012692205L, 91711876L, 
2142660522L, 1095277845L, 815699887L, -1803053130L, 191753696L, 
2007090467L, 1787247169L, -708160208L, 185015440L, 826826274L, 
182599688L, -147784436L, 590322844L, -133947886L, 1269677952L, 
-2081690092L, 405965352L, -1433451206L, -1793599024L, 300135532L, 
-1338754764L, -997366126L, 606702432L, -603978932L, -294873120L, 
1042655138L, -371931224L, 1887620492L, -422319940L, -1350497934L, 
-744344336L, 1041104964L, -2093903528L, 1797338682L, -295855248L, 
311916604L, -544006380L, 1386476994L, -71058720L, 1155475324L, 
984706768L, 870332578L, -2086872024L, -811457268L, 2081367996L, 
-1214846670L, -1232442944L, -1138390476L, 1256270792L, -1640924998L, 
1286314384L, 464646636L, 1813414484L, 642089106L, -1942421728L, 
410003916L, -1489611296L, -1956055358L, 241214504L, -1110773076L, 
-1240939332L, 181959154L, 435077424L, -822045532L, -144709960L, 
-650048166L, -1479219824L, 812569468L, -572458732L, 1520145218L, 
191347456L, -109447236L, 1114914640L, -403029214L, -1664787128L, 
928905740L, -744171428L, -2012427054L, 46422528L, 520703316L, 
-1756325400L, -357229574L, 724316368L, 1380842796L, 2121429748L, 
1761929618L, 767816800L, -1962130164L, 1600131808L, 1319536994L, 
1805290152L, 404279884L, -1418526340L, 1385465138L, -1075572624L, 
-608831676L, 134794712L, -553526150L, 1659514416L, 1661373116L, 
1313722196L, 787870786L, 1821609376L, 1156635324L, -312174128L, 
1553304930L, 1215983592L, 452306892L, 144015100L, 1558438386L, 
-2141599616L, 1415042292L, 1155872392L, 181618490L, 1523143504L, 
-18581908L, 560042132L, -1965186734L, -789201184L, -784944436L, 
1590759584L, -1284539518L, -831311128L, 1577374444L, 1816390716L, 
1842012786L, 1240826992L, -691894748L, -1629821896L, 1720485914L, 
844352208L, 1449452604L, 1815049364L, 1269312642L, -1354594368L, 
-1567311556L, 532877968L, -678462430L, 578659336L, 40564876L, 
-448951268L, -318101870L, -606464896L, 1986256916L, -1177901784L, 
-727830982L, -1536252720L, 681133164L, 843338420L, -2034554862L, 
1854822368L, -1659826228L, 2081058272L, 1189916194L, -1210635992L, 
497938700L, -1738230212L, 171106546L, -630424848L, -779852988L, 
-75552168L, -1376136646L, -163084560L, -1137738564L, -1535898092L, 
1717575874L, 2101702752L, -705065604L, -410706736L, -1779868638L, 
852761256L, 1840770956L, 496409020L, -684755918L, 1681577792L, 
-353339212L, -1483881656L, -1478878534L, -409055472L, 859248876L, 
-292817836L, -2009200878L, 562557856L, -910876724L, -2106627232L, 
-759844670L, -1978296792L, 122996140L, 497491772L, -661164174L, 
-879000784L, 1465254436L, -177663944L, -703550246L, 1132339600L, 
-1099749636L, 1723350932L, -284400830L, -1353115136L, -1315798468L, 
-1939130800L, 341004962L, 976513864L, 982039052L, 2059922652L, 
-684268974L, -1648813952L, 1715321684L, 1170444776L, -614642950L, 
-23586992L, -563542996L, 1143010676L, -917475694L, -351126944L, 
-412028276L, 349743968L, -609275166L, 781990056L, -1532751668L, 
1755025916L, 1495531442L, 2048972272L, -177025596L, -286308520L, 
418225018L, -1540776528L, 2083963324L, -1530253228L, 724030402L, 
768439072L, 1287870396L, -1374383536L, 1309015522L, 1682096488L, 
536395410L, -2052048025L, 1353458993L, 1595653750L, 1138794388L, 
720927653L, 1558187183L, 1415807336L, 268659014L, 141181171L, 
-776634795L, -1464999374L, -1463250944L, 496694505L, 1954288475L, 
1082676652L, -196768326L, -994591889L, -1602224903L, -2097618546L, 
-1622166436L, 1497630413L, -361197001L, -229631808L, -427989090L, 
-1882837909L, -2122396691L, -1855762854L, -1436823272L, -639312255L, 
-343886797L, -1584332204L, 178931298L, -446027529L, -305083583L, 
287474118L, 958237444L, 1106247349L, -598644321L, 367928824L, 
419843030L, 1467922019L, 604448293L, -713034302L, 978725552L, 
-1133255975L, -794012597L, -632018244L, -592635670L, 2033218847L, 
984800681L, 1391827774L, -1408780756L, -1978612611L, 891748039L, 
295298992L, -852919858L, 1992626939L, -456879779L, -678522230L, 
-1206828888L, -1590729711L, 747918595L, 1864366084L, 951793714L, 
477630599L, -956646191L, -882891178L, -1116408268L, 746327365L, 
180338575L, -42996984L, -1820283610L, 294327763L, 1196678965L, 
-624691566L, 1706816096L, -864345143L, 1521066747L, 254594252L, 
1113310554L, -583792561L, 678380825L, -167497938L, -1686019780L, 
-1431935315L, -1697947305L, 576639136L, 1948347902L, 1821655243L, 
627482317L, -609375750L, 475574840L, -1207783455L, 1458759827L, 
-894645580L, -157046846L, -547839017L, 1607445537L, -1195709466L, 
1441199844L, -1100062187L, -1608144321L, -100490792L, 1543329782L, 
-684949501L, 434203461L, 768491362L, 1071816912L, 1527778297L, 
-229169365L, 1609659548L, 1315416778L, 240346047L, -1647177975L, 
-516974562L, 1962068428L, -1636121699L, 1873395239L, 1860310096L, 
-1488249618L, -1009182309L, 1089982461L, -1448854806L, 1175416200L, 
-457827535L, -753536093L, 214447012L, 275570258L, 124329383L, 
71571953L, -742814410L, -480954924L, 1494317925L, -755866769L, 
-200966744L, -987675898L, 609433139L, -1042334571L, -39418638L, 
